19 07 02 00 00 01 0a 0a fa 00 19 00 00 00 00 00 
00 00 70 00 00 00 40 00 20 18 88 00 00 00 00 01 
19 07 03 28 14 01 0a 0a fa 00 00 00 00 00 00 00 
00 00 70 00 00 00 40 00 20 18 88 00 00 00 01 02 
1e 0a 04 00 00 00 0a 00 8a 02 64 00 00 00 00 00 
00 00 ff ff 00 00 00 04 20 18 00 00 00 00 02 05 
51 5a 0d 00 00 48 00 00 50 c3 10 27 00 00 00 00 
00 00 14 f8 00 00 00 90 04 18 00 00 00 00 03 1e 
23 0f 06 00 00 00 14 00 84 03 c8 00 00 00 00 00 
00 00 30 44 00 00 00 00 a0 18 00 00 00 00 04 02 
23 0e 08 00 0c 00 00 00 84 03 c8 00 00 00 00 00 
00 00 34 ff 10 08 00 01 a1 18 00 00 00 00 05 02 
25 0e 09 00 03 00 05 00 52 03 64 00 00 00 00 00 
00 00 f0 00 00 00 00 00 a0 18 00 00 00 00 06 08 
1e 0e 05 00 00 01 00 00 8a 02 c8 00 00 00 00 00 
00 00 f0 fb 00 00 00 00 80 18 00 00 00 00 07 08 
1f 0f 09 00 07 00 04 00 b0 04 64 00 00 00 00 00 
00 00 10 40 00 00 00 00 04 18 00 00 00 00 08 03 
23 12 05 14 00 0a 0f 00 b8 0b 64 00 00 00 00 00 
00 88 77 ef ff 41 00 02 00 18 00 00 00 00 09 13 
23 12 05 0a 00 1e 1e 00 b8 0b 1e 00 00 00 00 00 
00 fe 77 ef ff 41 00 02 20 18 00 00 00 00 09 13 
23 12 05 1e 00 14 0f 00 b8 0b 32 00 00 00 00 00 
00 88 77 ef ff 41 00 02 00 18 00 00 00 00 09 13 
19 15 06 0a 00 0a 00 00 58 02 c8 00 00 00 00 00 
00 00 10 00 00 02 00 01 80 18 00 00 00 00 0c 04 
32 19 0a 00 00 01 0a 0a b8 0b 8d 27 00 00 00 00 
00 00 ff ff 10 00 00 00 60 18 00 00 00 00 0d 12 
01 19 0a 00 00 01 0a 0a b8 0b 8d 27 00 00 00 00 
00 00 ff ff 10 00 00 00 60 18 00 00 00 40 0e 12 
62 07 02 00 00 01 0a 0a b8 0b 8d 27 00 00 00 00 
00 00 ff ff 10 00 00 80 60 18 00 00 00 80 0f 12 
1e 1f 12 00 19 00 05 32 d0 07 7d 00 00 00 00 00 
00 00 7a 70 10 00 00 02 00 18 00 00 60 00 10 14 
23 07 02 00 0f 01 14 0a 60 09 7d 00 00 00 00 00 
00 00 ff ff 00 00 00 04 00 18 00 00 00 00 11 16 
21 07 02 00 14 01 0f 0a c4 09 c8 00 00 00 00 00 
00 00 ff ff 00 00 00 04 00 18 00 00 00 00 12 17 
2c 6f 11 0a 23 19 19 0f 69 bf 30 75 00 00 00 00 
00 00 ff ff 10 00 40 00 a0 18 00 00 00 00 13 4d 
37 07 02 00 05 01 0a 0a e4 57 e8 03 28 00 64 00 
00 c8 ff ff 10 00 00 04 20 98 00 00 00 00 14 24 
1e 27 07 0a 1e 01 06 00 40 06 d0 07 00 00 00 00 
00 20 f4 ff 10 00 40 40 20 98 88 00 00 00 15 15 
1e 27 07 0a 18 01 0c 00 40 06 d0 07 00 00 00 00 
00 20 f4 ff 10 02 40 00 00 98 88 00 00 00 15 13 
1e 27 07 0a 12 01 12 00 40 06 d0 07 00 00 00 00 
00 20 f4 ff 10 01 40 00 20 98 88 00 00 00 15 17 
1e 27 07 0a 0c 01 18 00 40 06 d0 07 00 00 00 00 
00 20 f4 ff 10 04 40 00 00 98 88 00 00 00 15 18 
23 2a 07 0a 06 01 1e 00 c4 09 d0 07 00 00 00 00 
00 67 f4 ff 10 00 40 00 20 98 88 00 00 00 15 14 
23 28 07 0a 0a 01 14 00 e4 0c e8 03 00 00 00 00 
00 00 30 70 00 02 00 00 04 18 00 00 00 00 1a 13 
19 2d 07 0a 0a 00 00 00 c4 09 d0 07 00 00 00 00 
00 00 f7 df 00 20 00 00 a0 18 00 00 00 00 1b 01 
14 2d 07 00 00 0a 00 00 dc 05 64 00 00 00 00 00 
00 00 30 30 00 00 00 00 00 08 00 00 00 00 1c 16 
19 28 07 00 00 0a 00 00 dc 05 d0 07 00 00 00 00 
00 00 30 60 00 00 40 00 00 18 88 00 00 00 1d 16 
19 28 06 00 00 00 00 00 ec 2c d0 07 00 00 00 00 
0e 00 64 70 00 00 00 00 00 98 00 00 00 00 1e 1a 
19 28 06 00 00 00 00 00 90 01 00 00 2c 01 c8 00 
00 00 10 00 00 80 00 04 00 08 00 00 00 00 1f 19 
1c 28 06 00 00 00 00 00 2c 01 00 00 2c 01 c8 00 
00 20 30 00 00 00 00 00 00 08 88 00 00 00 20 1a 
19 28 06 00 00 00 00 00 e0 01 64 00 2c 01 c8 00 
00 00 34 f0 00 00 00 04 00 08 00 00 00 00 21 08 
19 28 06 00 00 00 00 00 d4 03 e8 03 2c 01 f4 01 
00 00 10 00 00 04 00 00 04 18 00 00 00 00 22 1b 
2d 31 07 0a 0e 00 0a 00 64 19 e8 03 00 00 00 00 
10 00 f4 70 10 00 00 00 a0 98 00 00 00 00 23 1c 
32 2d 08 00 14 00 14 00 88 13 e8 03 00 00 00 00 
00 02 74 74 10 00 00 01 11 18 00 00 00 00 24 1d 
19 28 06 00 00 00 00 00 dc 05 e8 03 00 00 00 00 
00 00 fa ff 10 02 00 01 a0 18 00 00 00 00 25 0b 
23 28 06 00 00 00 00 00 c4 09 e8 03 00 00 00 00 
00 00 34 20 00 00 40 00 00 18 88 00 00 00 26 1d 
27 28 06 00 00 32 28 00 e0 2e e8 03 00 00 00 00 
00 00 74 74 00 00 00 00 80 18 80 00 01 00 27 21 
16 05 14 00 00 32 32 1e 64 00 e8 03 00 00 00 00 
00 00 00 00 00 00 00 00 00 18 80 00 01 00 28 1f 
11 05 14 00 00 32 32 1e 64 00 e8 03 00 00 00 00 
00 00 00 00 00 00 00 00 00 18 80 00 01 00 28 1f 
1b 05 14 00 00 32 32 1e 64 00 e8 03 00 00 00 00 
00 00 00 00 00 00 00 00 00 18 80 00 01 00 28 21 
16 05 14 00 00 32 32 1e 64 00 e8 03 00 00 00 00 
00 00 00 00 00 00 00 00 00 18 80 00 01 00 28 1f 
12 05 14 00 00 32 32 1e 64 00 e8 03 00 00 00 00 
00 00 00 00 00 00 00 00 00 18 80 00 01 00 28 23 
2d 32 05 0a 0a 32 0a 0a b8 22 78 03 00 00 00 00 
2a 00 74 70 10 00 00 00 a0 18 00 00 00 00 2d 1f 
2d 32 05 14 00 28 00 14 a0 0f e8 03 00 00 00 00 
23 20 74 70 10 00 00 00 80 08 88 00 00 00 2e 1d 
24 0a 0a 00 0e 50 14 14 1d 4e 10 27 00 00 00 00 
00 00 ff bf ff 00 00 00 20 18 00 00 08 00 2f 29 
28 28 0a 00 0a 0f 14 14 61 1e 10 27 00 00 00 00 
00 1e 74 fc 10 01 00 00 00 18 00 00 00 00 30 4d 
2d 28 0a 00 0a 01 14 14 61 1e 10 27 00 00 00 00 
00 1e 74 fc 10 20 00 00 00 18 00 00 00 00 31 4d 
32 28 0a 00 0a 0f 14 14 61 1e 10 27 00 00 00 00 
00 1e 74 fc 10 80 00 00 00 18 00 00 00 00 32 4d 
37 28 0a 00 0a 0a 14 14 61 1e 10 27 00 00 00 00 
00 1e 74 fc 10 40 00 00 00 18 00 00 00 00 33 4d 
32 32 0a 46 32 32 32 32 98 3a 10 27 00 00 00 00 
00 20 f4 fb 10 00 00 00 24 18 88 00 80 00 34 2c 
32 4b 0f 14 32 32 32 0f 98 3a 10 27 00 00 00 00 
4d 20 ff 7f 10 00 00 07 20 18 88 00 00 00 35 29 
4b 32 01 00 14 00 0a 00 60 ea 28 23 00 00 00 00 
5c 00 f4 fc 10 00 00 00 a0 98 00 00 01 00 36 43 
32 3a 14 0a 19 00 19 55 00 80 00 80 00 00 00 00 
14 08 ff fc 10 00 00 10 20 18 80 00 01 00 37 42 
32 30 0d 0a 14 00 14 0a a4 1f e8 03 00 00 b8 0b 
00 20 f4 30 10 00 00 80 20 18 00 00 00 00 38 22 
32 30 0d 0a 19 00 14 0a 54 0b 32 00 00 00 f4 01 
00 00 24 70 00 00 00 01 81 08 00 00 00 00 39 1b 
2a 39 0b 0a 14 00 14 0a 00 05 32 00 20 03 00 00 
00 00 14 70 00 00 00 02 01 08 00 00 00 00 3a 23 
25 3b 0d 0a 1c 00 12 24 2a 1c 88 13 00 00 00 00 
00 00 f4 e7 00 00 00 84 04 08 00 00 00 00 3b 25 
32 31 0d 0a 5a 05 00 0a 20 4e f4 01 00 00 00 00 
00 f8 f4 88 00 06 00 01 20 18 00 00 00 00 3c 1d 
32 31 0d 0a 5a 05 00 0a 20 4e f4 01 00 00 00 00 
00 f8 f4 88 00 05 00 02 20 18 00 00 00 00 3c 1d 
32 31 0d 0a 5a 05 00 0a 20 4e f4 01 00 00 00 00 
00 f8 f4 88 00 03 00 04 20 18 00 00 00 00 3c 1d 
32 41 0d 00 00 00 5a 5a 20 4e f4 01 00 00 00 00 
00 f8 f4 88 00 07 40 00 20 18 00 00 00 00 3c 21 
32 3c 0a 0a 14 32 14 50 68 42 f4 01 00 00 00 00 
2f 00 b4 10 00 10 00 00 a0 18 00 00 00 00 40 02 
22 3a 09 0a 0d 32 0c 23 88 13 2c 01 00 00 00 00 
00 00 30 10 00 10 40 00 a0 18 00 00 00 00 41 21 
23 37 0b 00 00 14 19 3c 15 34 10 27 00 00 00 00 
00 00 30 08 04 01 00 02 01 18 00 00 00 00 42 25 
28 36 0b 00 00 14 19 3c 15 34 10 27 00 00 00 00 
00 00 30 08 04 02 00 01 01 18 00 00 00 00 43 14 
2d 37 0b 00 00 14 19 3c 15 34 10 27 00 00 00 00 
00 00 30 08 04 08 00 20 01 18 00 00 00 00 44 27 
1a 64 14 00 00 14 08 00 67 42 30 75 00 00 00 00 
00 00 f4 50 00 00 00 40 20 18 00 00 61 00 45 35 
23 63 09 00 00 00 00 00 8a 4d 00 00 00 00 00 00 
00 b8 ff ff ff b8 00 00 a0 18 00 00 00 00 46 25 
31 55 10 0a 19 01 0f 46 40 9c d0 07 00 00 00 00 
00 21 f4 f8 10 80 00 04 30 18 00 00 00 00 47 25 
28 41 0a 00 0a 0a 14 0a 20 4e 00 20 00 00 00 00 
4f 20 f4 bc 10 80 00 00 20 18 88 00 00 00 48 07 
32 78 19 1e 1e 23 14 63 62 ba 60 ea 00 00 00 00 
00 80 f5 f8 10 00 00 80 a0 98 00 00 00 00 49 4d 
28 45 10 05 0a 14 14 21 40 9c 10 27 00 00 00 00 
00 20 f4 f8 00 00 60 00 20 18 88 00 00 00 4a 63 
28 41 0a 14 23 2d 1e 0a 98 3a e8 03 00 00 00 00 
00 20 f8 58 10 47 00 00 08 18 88 00 00 00 4b 3d 
28 41 0c 00 0a fa 14 42 35 82 88 13 00 00 00 00 
00 00 e4 78 10 00 00 00 20 18 00 00 00 00 4c 61 
23 3c 14 00 00 1e 01 00 50 c3 e8 fd 00 00 00 00 
56 00 ff ff 14 00 00 00 a0 98 00 00 00 00 4d 3f 
01 01 01 00 00 00 00 0a cc d8 cc d8 00 00 00 00 
00 ff ff ff 10 00 00 00 20 98 82 00 02 00 4e 61 
01 01 01 00 00 00 00 0a cc d8 cc d8 00 00 00 00 
00 ff ff ff 10 00 00 00 20 98 82 40 02 00 4e 61 
0a 05 01 00 00 00 00 00 01 00 02 00 03 00 0a 00 
00 00 00 00 00 00 80 00 00 18 00 00 00 00 50 02 
28 15 08 00 14 01 0a 0a 84 03 96 00 28 00 64 00 
00 00 00 00 00 00 00 00 00 08 00 00 00 00 51 27 
14 07 02 00 00 05 0a 0a e8 03 19 00 28 00 64 00 
00 00 30 00 00 00 00 00 00 18 00 00 00 00 52 00 
0a 12 04 00 00 00 00 14 8c 00 19 00 8c 00 8d 00 
00 00 10 00 00 00 00 00 04 18 00 00 00 00 53 13 
28 25 06 00 19 01 19 0a d0 07 f4 01 00 00 00 00 
00 00 30 00 00 80 00 04 24 18 00 00 00 00 54 2b 
28 0f 02 00 00 01 0a 0a 64 00 19 00 28 00 64 00 
00 00 00 00 00 00 00 00 00 18 00 00 00 00 55 00 
2d 42 10 0a 32 14 1e 0a 50 46 e8 03 ff ff 00 00 
3d 00 f0 78 10 00 20 00 a4 18 00 00 00 00 56 44 
2d 41 15 0a 1e 32 46 21 fc 6c 50 c3 00 00 00 00 
2d 00 f4 fc 14 00 00 08 20 18 00 00 00 00 57 39 
2d 43 12 0f 28 14 14 21 1d 4e 1d 4e 00 00 00 00 
00 00 f4 5c 10 20 00 00 20 18 00 00 00 00 58 47 
2f 63 10 0a 32 32 32 4b 0c ac 10 27 00 00 00 00 
1e 00 f4 f8 10 00 00 ff 20 18 00 00 02 00 59 42 
23 5a 0e 00 1e 07 10 0a 50 c3 10 27 00 00 00 00 
00 00 f4 f8 10 00 00 90 24 18 00 00 00 00 5a 27 
14 07 02 00 00 01 0a 0a 30 2a e8 03 00 00 00 00 
00 c8 ff ff 00 00 00 00 20 98 00 00 00 00 5b 32 
14 07 02 00 00 01 0a 0a 30 2a e8 03 00 00 00 00 
00 c8 ff ff 00 00 00 00 20 98 00 00 00 00 5b 32 
41 3c 0c 00 0a 01 0f 1e d8 d6 d0 07 00 00 00 00 
00 00 f7 fc 10 00 00 00 a0 98 00 00 00 00 5d 35 
19 07 02 0a 0a 0a 00 00 98 3a e8 03 00 00 00 00 
00 00 80 0b 00 00 00 ff 00 18 00 00 00 00 5e 01 
22 37 10 0a 1e 05 0a 0a 70 17 2c 01 00 00 00 00 
00 00 74 f0 10 08 00 01 81 18 00 00 00 00 5f 00 
33 49 12 14 17 32 0a 1e b8 56 e8 03 00 00 00 00 
00 00 f4 f0 10 00 00 01 24 18 00 00 00 00 60 3b 
2d 2d 14 46 2d 05 3c 3c 70 17 e8 03 00 00 00 00 
00 00 f0 f0 10 00 00 00 a0 18 00 00 00 00 61 3a 
2f 5a 0b 19 0a 00 0a 3c 58 1b e8 03 00 00 00 00 
0c 20 74 d4 00 00 00 00 a0 18 00 00 00 00 62 34 
32 50 0a 00 05 00 05 0a 88 13 64 00 f4 01 00 00 
00 20 30 00 00 00 40 00 84 18 88 00 00 00 63 05 
1e 50 0b 0a 00 00 00 0a 40 1f e8 03 c4 09 00 00 
00 00 f4 70 10 00 00 01 24 18 00 00 00 00 64 3f 
1e 51 0b 00 0a 14 00 00 28 23 e8 03 c4 09 00 00 
00 00 f4 f0 10 01 00 82 20 18 00 00 00 00 65 3f 
1e 4b 0f 00 1e 00 00 21 10 27 e8 03 c4 09 00 00 
00 00 f4 70 10 00 00 00 24 18 00 00 00 00 66 3f 
1e 01 01 00 28 19 00 00 10 27 60 ea c4 09 00 00 
00 00 ff ff 10 00 00 04 20 18 00 00 00 00 67 3d 
1e 3d 10 0a 05 00 0f 00 50 46 e8 03 00 00 00 00 
00 00 30 08 00 00 00 01 24 18 00 00 00 00 68 2a 
57 af 26 14 3c 80 3c 5f cc d8 38 c7 00 00 00 00 
00 00 f4 f0 10 10 00 00 30 98 00 00 00 00 69 61 
01 64 0a 00 1e 05 0a 0a 60 22 2c 01 00 00 00 00 
00 20 3f fb 00 00 00 00 20 98 80 00 80 00 6a 2c 
1b 63 13 0a 1e 0a 14 4b d8 d6 e8 fd 00 00 00 00 
00 00 f4 d8 04 00 00 00 30 18 00 00 00 00 4e 53 
23 63 13 0a 1e 15 13 50 d8 d6 e8 fd 00 00 00 00 
00 00 b4 78 04 00 00 00 24 18 00 00 00 00 4e 43 
37 63 13 0a 1e 0a 19 4c 50 c3 e8 fd 00 00 00 00 
00 00 f4 f8 00 00 00 00 20 18 00 00 00 00 4e 51 
23 63 13 0a 1e 0f 14 42 60 ea e8 fd 00 00 00 00 
00 00 f0 f8 00 00 00 00 80 18 00 00 00 00 4e 56 
58 73 19 1e 23 00 00 00 d8 d6 60 ea 00 00 00 00 
00 00 ff ff ff 00 00 00 a0 98 00 00 00 00 6f 5d